174
278
104
459
104
174
174
104
278
211
459
246
104
459
104
104
174
278
1031
104
459
174
174
211
459
104
211
211
211
211
174
104
104
104
11593
211
104
211
3731
211
104
104
174
104
104
578
211
104
486
278
211
211
174
104
174
11632
104
211
1006
104
211
104
104
459
459
578
211
486
104
174
211
486
3259
278
278
211
1320
174
11593
211
174
278
278
13340
104
104
1640
278
174
278
246
174
104
104
278
1320
174
459
174
104
104
174
104
174
104
5084
174
104
459
174
104
174
2464
17725
211
211
459
104
1320
104
104
486
104
211
174
211
211
174
1767
3931
278
1737
174
104
2020
104
174
174
778
211
459
778
104
211
104
211
104
459
486
174
104
104
174
104
459
211
578
104
104
1320
211
174
211
104
104
211
104
486
174
104
486
211
174
104
459
211
211
104
211
174
1731
174
104
104
104
174
104
174
104
211
104
174
174
1320
211
211
211
104
104
104
459
1779
8908
211
104
459
104
211
104
174
486
459
104
174
104
104
211
174
174
104
211
174
174
1320
174
104
174
211
174
104
459
174
174
104
104
278
211
104
1536
211
104
459
174
278
211
459
578
104
211
1320
104
104
174
104
104
174
2703
104
3138
211
211
104
104
104
174
278
174
211
1031
211
1731
1006
211
104
104
104
104
211
104
211
104
211
211
174
578
459
459
104
174
211
104
211
104
7028
211
174
104
211
104
104
104
174
486
211
174
246
174
246
104
104
174
104
7414
578
3032
211
933
211
211
174
104
211
104
104
104
578
104
211
104
211
459
3373
104
104
211
104
278
174
211
211
174
278
104
278
104
104
2020
174
104
459
104
174
104
211
104
211
104
2049
104
459
104
104
211
104
174
174
174
486
174
104
104
174
486
174
211
104
211
104
104
2682
174
104
104
1640
104
104
459
278
211
174
174
211
104
104
2395
486
104
578
174
933
104
578
211
211
174
1320
174
174
486
104
174
211
211
174
174
104
246
174
104
104
211
174
104
2020
174
211
211
174
174
174
104
278
211
459
174
211
174
211
174
174
174
211
104
174
211
104
211
104
104
1006
486
211
104
174
1320
174
211
1031
1031
459
211
211
459
104
104
459
104
104
174
278
211
1320
3237
174
174
174
5084
174
174
459
211
1320
174
3251
211
7341
174
174
578
104
778
104
174
174
104
486
211
211
7645
211
174
174
211
104
174
174
174
459
1640
278
459
104
278
211
174
174
778
211
174
174
2140
104
459
459
459
174
104
3251
211
104
1320
486
174
174
211
625
104
4694
104
211
174
104
211
486
174
104
104
104
104
104
211
104
174
211
211
104
459
778
384
104
1640
211
174
104
459
174
174
174
459
174
211
211
211
1031
9933
459
246
104
174
174
104
174
211
211
174
174
2049
104
211
104
8635
174
174
104
104
2909
211
104
486
104
104
174
578
459
104
1320
104
211
211
174
174
211
486
104
211
2682
211
211
3373
174
211
174
104
174
174
104
174
278
104
174
174
104
104
459
174
5176
459
211
578
104
174
1006
858
174
459
174
174
104
104
211
104
486
104
104
174
104
174
104
174
211
104
459
104
104
211
104
459
174
104
104
104
578
104
174
459
211
174
174
174
104
246
211
104
104
278
174
211
104
104
1320
174
211
211
211
211
104
3377
174
211
211
211
278
104
211
104
104
174
211
211
104
211
486
104
104
174
104
1536
174
174
486
459
174
104
211
1779
278
211
211
278
174
278
211
211
578
174
459
211
211
1640
104
104
174
104
104
211
104
174
174
174
104
174
174
104
486
459
459
174
104
211
174
174
211
104
858
104
174
104
174
211
174
459
104
174
4707
104
211
104
211
174
459
459
236
104
104
211
104
211
2020
778
104
211
1536
657
778
104
104
174
104
174
104
278
104
104
104
211
486
211
174
5084
104
174
246
211
104
104
174
278
1536
1737
104
1006
174
174
459
104
778
104
211
104
174
104
778
211
104
104
459
778
211
104
211
174
104
174
174
486
104
174
104
104
104
174
174
211
657
459
211
211
858
211
104
104
778
174
104
104
211
104
104
174
278
2491
104
104
104
104
104
174
459
104
104
104
104
486
174
104
246
104
104
174
211
211
174
211
104
104
278
211
104
278
104
459
211
2491
174
278
211
211
486
104
578
486
104
211
104
778
174
104
211
104
104
278
459
174
104
174
174
104
211
104
211
246
211
211
104
174
1320
211
211
211
104
174
104
104
211
174
236
211
174
211
1518
459
459
211
211
104
174
211
211
104
104
211
211
578
104
211
104
174
174
211
104
778
2020
104
104
1640
459
104
17177
104
1320
174
