39
380
184
434
184
329
184
252
129
1
184
378
1
6
591
580
303
303
281
299
89
6
85
184
580
184
427
427
184
184
184
363
1
427
6
1
580
217
1
140
39
159
6
427
80
580
303
193
434
303
80
217
190
111
427
217
1
252
217
580
427
303
427
1
1
427
184
580
217
1
217
1
1
591
303
184
427
6
1
299
591
39
434
1
580
427
1
303
1
217
434
217
1
39
217
283
39
129
129
303
434
6
1
1
129
217
303
1
6
427
1
427
303
1
299
184
303
448
434
363
1
1
184
184
129
184
1
217
591
1
434
1
1
184
1
427
129
580
217
465
184
427
591
190
1
303
580
567
363
184
434
303
1
591
1
1
1
303
1
427
1
303
591
591
85
299
299
541
129
1
1
1
217
303
434
1
317
591
217
303
427
299
184
427
39
217
299
299
184
303
303
252
299
580
252
580
303
427
39
299
129
111
434
1
6
184
299
378
184
580
217
217
129
303
303
39
217
427
39
252
427
580
1
129
427
303
184
1
184
184
427
129
184
1
448
357
1
427
1
184
129
184
1
129
427
591
1
39
1
303
580
427
427
1
1
427
299
455
610
427
427
303
1
583
1
427
252
427
580
1
6
217
303
80
427
1
591
258
591
184
190
303
591
303
580
1
434
1
217
448
1
184
434
303
299
159
1
434
217
303
207
1
6
184
303
39
252
184
608
184
583
580
1
303
378
129
184
427
427
207
184
184
6
591
184
101
299
184
583
299
1
1
303
580
184
1
184
217
580
591
303
1
427
190
129
217
129
580
541
217
450
206
1
133
206
184
111
217
129
303
1
427
580
1
544
303
303
258
303
217
311
427
303
303
1
184
184
1
580
217
217
184
184
591
217
85
580
184
434
258
184
129
184
39
591
111
299
427
427
1
1
1
299
347
101
347
1
303
453
580
427
303
129
427
217
1
1
217
129
1
85
1
427
303
129
184
283
427
129
217
378
303
591
184
334
217
129
427
427
217
434
184
378
58
591
580
427
303
184
637
329
184
299
69
303
184
1
184
129
434
591
258
140
427
129
184
434
184
184
427
427
217
427
184
544
303
252
580
427
184
303
427
1
299
591
1
427
159
303
299
202
1
184
1
129
303
580
303
579
1
434
184
427
303
1
303
184
427
591
434
303
413
184
580
217
184
580
184
1
129
129
427
544
580
299
184
303
252
217
1
184
616
434
184
145
217
303
217
303
299
39
80
258
217
427
6
434
357
303
217
399
427
207
184
184
347
1
217
1
427
465
580
427
217
184
217
580
184
85
1
427
303
258
184
80
39
184
184
217
58
1
303
544
427
129
303
580
448
382
80
427
580
580
303
1
580
1
347
580
427
184
217
184
57
129
6
580
591
39
129
363
1
1
303
184
329
217
303
217
434
303
357
184
427
303
217
184
427
129
303
347
184
1
427
1
1
1
427
427
184
184
1
80
184
39
39
69
299
184
580
184
217
427
434
217
1
427
85
184
299
580
347
217
591
80
1
299
580
6
129
184
184
184
427
378
184
580
217
1
303
184
80
6
1
1
303
217
580
303
533
347
69
217
580
434
184
591
427
378
217
184
591
303
1
184
303
1
303
1
1
129
303
299
1
1
39
299
1
184
